0,2,0,0,0,0,15,19,0,20,2,0,3,9,0,0,1,0,27,45,201,15,20,2,166,164,13,19,19,6,0,0,0,0,0,0,0,0,0,0,0,0,0,0,0,0,0,0,31,50,80,50,50,6,4,8,1,211,0,0,0
1,3,0,0,1,0,15,0,0,9,0,0,15,0,0,0,0,0,27,0,134,6,20,3,0,0,0,0,0,0,0,0,0,2,10,0,36,37,33,34,35,0,40,41,38,39,35,30,0,0,0,0,0,0,0,0,0,210,0,27,18
2,4,0,0,1,10,0,0,23,0,0,2,0,0,0,0,0,33,0,0,0,0,0,0,0,0,0,0,0,0,154,31,18,0,0,0,0,0,0,0,0,0,0,0,0,0,0,0,0,0,0,0,0,0,0,0
3,0,0,0,5,0,0,19,0,0,24,0,0,11,0,0,0,0,0,33,0,0,0,0,0,0,0,0,27,13,0,0,0,12,10,0,28,29,0,60,61,0,30,31,0,62,63,15,0,0,0,0,0,0,0,0,0,0,0,0,0
0,0,6,0,0,0,0,19,0,0,16,0,0,8,0,0,0,0,0,43,0,0,0,0,0,0,0,0,0,0,0,0,0,28,15,87,88,0,89,90,91,83,84,0,89,85,86,15,0,0,0,0,0,0,0,0,0,210,0
0,0,7,5,0,0,15,0,0,26,0,0,13,0,0,0,0,0,27,0,0,0,0,0,0,0,0,0,0,0,0,0,0,4,19,0,0,0,0,182,183,0,0,0,0,184,185,15,31,63,80,50,50,6,6,5,1
0,0,8,6,0,0,20,0,0,25,0,0,9,0,0,0,0,0,33,0,0,0,0,0,0,0,0,0,0,0,0,0,0,2,15,92,93,94,124,125,126,95,64,73,127,96,105,15,29,55,78,50,50,2,2,13,1
0,0,0,7,9,0,0,0,0,0,0,0,0,0,0,0,0,0,0,0,0,0,0,0,0,0,0,0,0,0,0,0,0,0,0,0,0,0,0,0,0,0,0,0,0,0,0,0,31,63,120,50,50,6,6,7,1
0,10,0,0,0,10,0,0,8,0,0,9,0,0,0,0,0,33,0,0,134,12,20,3,0,0,0,0,0,0,0,0,0,0,0,0,0,0,0,0,0,0,0,0,0,0,0,0,0,0,0,0,0,0,0,0,0,240,0
9,0,11,11,0,10,0,0,26,0,0,7,0,0,0,0,0,33,0,0,0,0,0,0,0,0,0,0,0,0,0,0,0,0,0,0,0,0,0,0,0,0,0,0,0,0,0,0,29,63,150,123,123,6,4,5,1
12,0,0,10,0,10,0,0,5,0,0,14,0,0,0,0,0,33,0,0,0,0,0,0,0,0,0,0,0,0,0,0,0,17,10,0,36,37,33,34,35,0,40,41,38,39,35,30,0,0,0,0,0,0,0,0,0
0,11,0,0,13,0,0,0,0,0,0,0,0,0,0,0,0,0,0,0,0,0,0,0,0,0,0,0,0,0,0,0,0,0,0,0,0,0,0,0,0,0,0,0,0,0,0,0,29,190,75,50,50,5,6,4,0
0,2,14,13,0,0,0,0,0,0,0,0,0,0,0,0,0,0,0,0,0,0,0,0,0,0,0,0,0,0,0,0,0,26,15,0,69,70,0,101,102,0,71,72,0,103,104,15,31,78,78,50,50,2,2,13,1,210,0
0,0,15,13,0,0,0,0,0,0,0,0,0,0,0,0,0,0,0,0,201,11,16,2,0,0,0,0,0,0,0,0,0,0,0,0,0,0,0,0,0,0,0,0,0,0,0,0,0,0,0,0,0,0,0,0,0
16,4,0,14,0,0,0,0,0,0,0,0,0,0,0,0,0,0,0,0,0,0,0,0,0,0,0,0,0,0,0,0,0,0,0,0,0,0,0,0,0,0,0,0,0,0,0,0,29,150,75,50,50,5,6,4,0
0,15,0,14,17,0,0,0
16,18,0,0,17,10,0,0,26,0,0,7,0,0,1,0,0,33,0,0,0,0,0,0,0,0,0,0,0,0,0,0,0,0,0,0,0,0,0,0,0,0,0,0,0,0,0,0,0,0,0,0,0,0,0,0,0,145,187
17,19,20,0,0,10,0,0,10,0,0,8,0,0,1,0,0,43,0,0,0,0,0,0,0,0,0,0,16,6,0,0,0,0,0,0,0,0,0,0,0,0,0,0,0,0,0,0,0,0,0,0,0,0,0,0,0,140,187
18,0,0,0,0,0,0,0,0,0,0,0,0,0,0,0,0,0,0,0,0,0,0,0,0,0,0,0,0,0,0,0,0,0,0,0,0,0,0,0,0,0,0,0,0,0,0,0,31,135,80,50,50,6,4,10,1,140,187,0,0
18,0,0,18,21,0,0,0,0,0,0,0,0,0,0,0,0,0,0,0,0,0,0,0,0,0,0,0,0,0,0,0,0,0,0,0,0,0,0,0,0,0,0,0,0,0,0,0,0,0,0,0,0,0,0,0,0,0,0,0,0
30,22,0,0,0,0,0,0
21,23,0,25,21,0,0,0,0,0,0,0,0,0,0,0,0,0,0,0,201,10,16,1,0,0,0,0,0,0,0,0,0,0,0,0,0,0,0,0,0,0,0,0,0,0,0,0,31,92,110,50,50,6,4,10,1,0,187,0,0
22,0,35,24,21,6,10,0,20,25,0,10,8,0,0,0,0,43,43,0,134,8,16,3,0,0,0,0,0,0,0,0,0,0,0,0,0,0,0,0,0,0,0,0,0,0,0,0,0,0,0,0,0,0,0,0,0
25,23,23,0,0,10,19,0,26,19,0,12,8,0,1,0,0,33,43,0,0,0,0,0,0,0,0,0,2,13,0,0,0,0,0,0,0,0,0,0,0,0,0,0,0,0,0,0,0,0,0,0,0,0,0,0,0,140,187,0,0
26,24,22,22,0,19,0,0,5,0,0,10,0,0,1,0,0,33,0,0,0,0,0,0,0,0,0,0,0,0,154,22,18,0,0,0,0,0,0,0,0,0,0,0,0,0,0,0,29,215,110,50,90,2,2,7,1
27,25,22,22,0,6,0,0,20,0,0,7,0,0,1,0,0,43,0,0,0,0,0,0,0,0,0,0,0,0,0,0,0,0,0,0,0,0,0,0,0,0,0,0,0,0,0,0,0,0,0,0,0,0,0,0,0
28,26,0 ,0,0,0,0,0,0,0,0,0,0,0,0,0,0,0,0,0,0,0,0,0,0,0,0,0,0,0,0,0,0,0,0,0,0,0,0,0,0,0,0,0,0,0,0,0,0,0,0,0,0,0,0,0,0,140,187
0,27,29,0,0,0,0,0,0,0,0,0,0,0,0,0,0,0,0,0,0,0,0,0,0,0,0,0,0,0,0,0,0,0,0,0,0,0,0,0,0,0,0,0,0,0,0,0,0,0,0,0,0,0,0,0,0,140,187
0 ,30,31,0,0,0,0,0,0,0,0,0,0,0,0,0,0,0,0,0,0,0,0,0,0,0,0,0,0,0,0,0,0,0,0,0,0,0,0,0,0,0,0,0,0,0,0,0,0,0,0,0,0,0,0,0,0,140,187
29,21,0,0,0,0,0,0,0,0,0,0,0,0,0,0,0,0,0,0,0,0,0,0,0,0,0,0,0,0,0,0,0,0,0,0,0,0,0,0,0,0,0,0,0,0,0,0,0,0,0,0,0,0,0,0,0,140,187
30,32,0,0,0,0,0,0,0,0,0,0,0,0,0,0,0,0,0,0,0,0,0,0,0,0,0,0,0,0,0,0,0,0,0,0,0,0,0,0,0,0,0,0,0,0,0,0,0,0,0,0,0,0,0,0,0,140,187
31,33,0,0,0,0,0,0,0,0,0,0,0,0,0,0,0,0,0,0,0,0,0,0,0,0,0,0,0,0,0,0,0,0,0,0,0,0,0,0,0,0,0,0,0,0,0,0,0,0,0,0,0,0,0,0,0,140,187
32,34,0,23,0,0,0,0,0,0,0,0,0,0,0,0,0,0,0,0,0,0,0,0,0,0,0,0,0,0,0,0,0,0,0,0,0,0,0,0,0,0,0,0,0,0,0,0,0,0,0,0,0,0,0,0,0,140,187
33,35,0,23,0,0,0,0,0,0,0,0,0,0,0,0,0,0,0,0,0,0,0,0,0,0,0,0,0,0,0,0,0,0,0,0,0,0,0,0,0,0,0,0,0,0,0,0,0,0,0,0,0,0,0,0,0,140,187
34,0,0,23,0,13,0,0,26,0,0,3,0,0,0,0,0,33,0,0,0,0,0,0,0,0,0,0,0,0,0,0,0,0,0,0,0,0,0,0,0,0,0,0,0,0,0,0,0,0,0,0,0,0,0,0,0,140,187
0,2,0,0
1,3,0,0
2,4,0,0
9,9,9,9
#
193,194,195,196
130,131,132
10,20,30,40
51,52,53,54
*




77,172,172,210,222,223,223,210,26,27,27,210,24,25,25,210,21,22,22,210
0,86,87,0,88,89
249,250,251,252,218,255,252,254,253
156,157,157,158,153,0,0,159,153,0,0,159,81,119,119,82
*
